5,
100,
[
    (82, 76),
    (96, 44),
    (50, 5),
    (49, 8),
    (13, 7),
    (29, 89),
    (58, 30),
    (84, 39),
    (14, 24),
    (2, 39),
    (3, 82),
    (5, 10),
    (98, 52),
    (84, 25),
    (61, 59),
    (1, 65),
    (88, 51),
    (91, 2),
    (19, 32),
    (93, 3),
    (50, 93),
    (98, 14),
    (5, 42),
    (42, 9),
    (61, 62),
    (9, 97),
    (80, 55),
    (57, 69),
    (23, 15),
    (20, 70),
    (85, 60),
    (98, 5)
],
[
    (1, 0, 19),
    (2, 0, 21),
    (3, 0, 6),
    (4, 0, 19),
    (5, 0, 7),
    (6, 0, 12),
    (7, 0, 16),
    (8, 0, 6),
    (9, 0, 16),
    (10, 0, 8),
    (11, 0, 14),
    (12, 0, 21),
    (13, 0, 16),
    (14, 0, 3),
    (15, 0, 22),
    (16, 0, 18),
    (17, 0, 19),
    (18, 0, 1),
    (19, 0, 24),
    (20, 0, 8),
    (21, 0, 12),
    (22, 0, 4),
    (23, 0, 8),
    (24, 0, 24),
    (25, 0, 24),
    (26, 0, 2),
    (27, 0, 20),
    (28, 0, 15),
    (29, 0, 2),
    (30, 0, 14),
    (31, 0, 9)
],
False,
cost_function=euclidean_distance,
