14,
112,
[
    (35, 35),
    (41, 49),
    (35, 17),
    (55, 45),
    (55, 20),
    (15, 30),
    (25, 30),
    (20, 50),
    (10, 43),
    (55, 60),
    (30, 60),
    (20, 65),
    (50, 35),
    (30, 25),
    (15, 10),
    (30, 5),
    (10, 20),
    (5, 30),
    (20, 40),
    (15, 60),
    (45, 65),
    (45, 20),
    (45, 10),
    (55, 5),
    (65, 35),
    (65, 20),
    (45, 30),
    (35, 40),
    (41, 37),
    (64, 42),
    (40, 60),
    (31, 52),
    (35, 69),
    (53, 52),
    (65, 55),
    (63, 65),
    (2, 60),
    (20, 20),
    (5, 5),
    (60, 12),
    (40, 25),
    (42, 7),
    (24, 12),
    (23, 3),
    (11, 14),
    (6, 38),
    (2, 48),
    (8, 56),
    (13, 52),
    (6, 68),
    (47, 47),
    (49, 58),
    (27, 43),
    (37, 31),
    (57, 29),
    (63, 23),
    (53, 12),
    (32, 12),
    (36, 26),
    (21, 24),
    (17, 34),
    (12, 24),
    (24, 58),
    (27, 69),
    (15, 77),
    (62, 77),
    (49, 73),
    (67, 5),
    (56, 39),
    (37, 47),
    (37, 56),
    (57, 68),
    (47, 16),
    (44, 17),
    (46, 13),
    (49, 11),
    (49, 42),
    (53, 43),
    (61, 52),
    (57, 48),
    (56, 37),
    (55, 54),
    (15, 47),
    (14, 37),
    (11, 31),
    (16, 22),
    (4, 18),
    (28, 18),
    (26, 52),
    (26, 35),
    (31, 67),
    (15, 19),
    (22, 22),
    (18, 24),
    (26, 27),
    (25, 24),
    (22, 27),
    (25, 21),
    (19, 21),
    (20, 26),
    (18, 18)
],
[
    (1, 0, 10),
    (2, 0, 7),
    (3, 0, 13),
    (4, 0, 19),
    (5, 0, 26),
    (6, 0, 3),
    (7, 0, 5),
    (8, 0, 9),
    (9, 0, 16),
    (10, 0, 16),
    (11, 0, 12),
    (12, 0, 19),
    (13, 0, 23),
    (14, 0, 20),
    (15, 0, 8),
    (16, 0, 19),
    (17, 0, 2),
    (18, 0, 12),
    (19, 0, 17),
    (20, 0, 9),
    (21, 0, 11),
    (22, 0, 18),
    (23, 0, 29),
    (24, 0, 3),
    (25, 0, 6),
    (26, 0, 17),
    (27, 0, 16),
    (28, 0, 16),
    (29, 0, 9),
    (30, 0, 21),
    (31, 0, 27),
    (32, 0, 23),
    (33, 0, 11),
    (34, 0, 14),
    (35, 0, 8),
    (36, 0, 5),
    (37, 0, 8),
    (38, 0, 16),
    (39, 0, 31),
    (40, 0, 9),
    (41, 0, 5),
    (42, 0, 5),
    (43, 0, 7),
    (44, 0, 18),
    (45, 0, 16),
    (46, 0, 1),
    (47, 0, 27),
    (48, 0, 36),
    (49, 0, 30),
    (50, 0, 13),
    (51, 0, 10),
    (52, 0, 9),
    (53, 0, 14),
    (54, 0, 18),
    (55, 0, 2),
    (56, 0, 6),
    (57, 0, 7),
    (58, 0, 18),
    (59, 0, 28),
    (60, 0, 3),
    (61, 0, 13),
    (62, 0, 19),
    (63, 0, 10),
    (64, 0, 9),
    (65, 0, 20),
    (66, 0, 25),
    (67, 0, 25),
    (68, 0, 36),
    (69, 0, 6),
    (70, 0, 5),
    (71, 0, 15),
    (72, 0, 25),
    (73, 0, 9),
    (74, 0, 8),
    (75, 0, 18),
    (76, 0, 13),
    (77, 0, 14),
    (78, 0, 3),
    (79, 0, 23),
    (80, 0, 6),
    (81, 0, 26),
    (82, 0, 16),
    (83, 0, 11),
    (84, 0, 7),
    (85, 0, 41),
    (86, 0, 35),
    (87, 0, 26),
    (88, 0, 9),
    (89, 0, 15),
    (90, 0, 3),
    (91, 0, 1),
    (92, 0, 2),
    (93, 0, 22),
    (94, 0, 27),
    (95, 0, 20),
    (96, 0, 11),
    (97, 0, 12),
    (98, 0, 10),
    (99, 0, 9),
    (100, 0, 17)
],
False,
cost_function=euclidean_distance,
