2,
160,
[
    (30, 40),
    (37, 52),
    (49, 43),
    (52, 64),
    (31, 62),
    (52, 33),
    (42, 41),
    (52, 41),
    (57, 58),
    (62, 42),
    (42, 57),
    (27, 68),
    (43, 67),
    (58, 27),
    (37, 69),
    (61, 33),
    (62, 63),
    (63, 69),
    (45, 35)
],
[
    (1, 0, 19),
    (2, 0, 30),
    (3, 0, 16),
    (4, 0, 23),
    (5, 0, 11),
    (6, 0, 31),
    (7, 0, 15),
    (8, 0, 28),
    (9, 0, 14),
    (10, 0, 8),
    (11, 0, 7),
    (12, 0, 14),
    (13, 0, 19),
    (14, 0, 11),
    (15, 0, 26),
    (16, 0, 17),
    (17, 0, 6),
    (18, 0, 15)
],
False,
cost_function=euclidean_distance,
