shape_id,shape_pt_lat,shape_pt_lon,shape_pt_sequence,shape_dist_traveled
BG,41,160717010498,-8,58241558074951,0,
BG,41,1505355834961,-8,58624458312988,1,
BG,41,1466979980469,-8,59297752380371,2,
BG,41,148796081543,-8,59834861755371,3,
BG,41,1497840881348,-8,60590076446533,4,
BG,41,1522789001465,-8,60929870605469,5,
BG,41,1571083068848,-8,61672306060791,6,
BG,41,1585845947266,-8,62224578857422,7,
BG,41,1605758666992,-8,62828159332275,8,
BG,41,1655502319336,-8,6363468170166,9,
BG,41,1729621887207,-8,64176559448242,10,
BG,41,1772537231445,-8,64649772644043,11,
BG,41,1824226379395,-8,65214920043945,12,
BG,41,188102722168,-8,654465675354,13,
BG,41,1941604614258,-8,65577125549316,14,
BG,41,2462348937988,-8,6618070602417,15,
BG,41,2002944946289,-8,65555858612061,16,
BG,41,3004913330078,-8,70400428771973,17,
BG,41,2160682678223,-8,654541015625,18,
BG,41,3150787353516,-8,71420860290527,19,
BG,41,2330131530762,-8,65659332275391,20,
BG,41,3342247009277,-8,72072124481201,21,
BG,41,2382469177246,-8,65821170806885,22,
BG,41,3590965270996,-8,73987007141113,23,
BG,41,2462348937988,-8,6618070602417,24,
BG,41,368953704834,-8,7495584487915,25,
BG,41,2549514770508,-8,66801834106445,26,
BG,41,3781242370605,-8,75808143615723,27,
BG,41,2702980041504,-8,67951488494873,28,
BG,41,2852516174316,-8,69370269775391,29,
BG,41,2936820983887,-8,69923782348633,30,
BG,41,3004913330078,-8,70400428771973,31,
BG,41,3150787353516,-8,71420860290527,32,
BG,41,3212203979492,-8,71868133544922,33,
BG,41,3342247009277,-8,72072124481201,34,
BG,41,3404006958008,-8,72555541992188,35,
BG,41,3459663391113,-8,72812175750732,36,
BG,41,3539848327637,-8,73582553863525,37,
BG,41,3590965270996,-8,73987007141113,38,
BG,41,3646430969238,-8,74522495269775,39,
BG,41,368953704834,-8,7495584487915,40,
BG,41,3734550476074,-8,75412178039551,41,
BG,41,3781242370605,-8,75808143615723,42,
BR,41,3781242370605,-8,75808143615723,0,
BR,41,3734550476074,-8,75412178039551,1,
BR,41,368953704834,-8,7495584487915,2,
BR,41,3590965270996,-8,73987007141113,3,
BR,41,3646430969238,-8,74522495269775,4,
BR,41,3342247009277,-8,72072124481201,5,
BR,41,3590965270996,-8,73987007141113,6,
BR,41,3150787353516,-8,71420860290527,7,
BR,41,3539848327637,-8,73582553863525,8,
BR,41,3004913330078,-8,70400428771973,9,
BR,41,3459663391113,-8,72812175750732,10,
BR,41,2462348937988,-8,6618070602417,11,
BR,41,3404006958008,-8,72555541992188,12,
BR,41,188102722168,-8,654465675354,13,
BR,41,3342247009277,-8,72072124481201,14,
BR,41,1824226379395,-8,65214920043945,15,
BR,41,3212203979492,-8,71868133544922,16,
BR,41,1772537231445,-8,64649772644043,17,
BR,41,3150787353516,-8,71420860290527,18,
BR,41,1729621887207,-8,64176559448242,19,
BR,41,3004913330078,-8,70400428771973,20,
BR,41,1655502319336,-8,6363468170166,21,
BR,41,2936820983887,-8,69923782348633,22,
BR,41,1605758666992,-8,62828159332275,23,
BR,41,2852516174316,-8,69370269775391,24,
BR,41,1585845947266,-8,62224578857422,25,
BR,41,2702980041504,-8,67951488494873,26,
BR,41,1571083068848,-8,61672306060791,27,
BR,41,2549514770508,-8,66801834106445,28,
BR,41,1522789001465,-8,60929870605469,29,
BR,41,2462348937988,-8,6618070602417,30,
BR,41,1497840881348,-8,60590076446533,31,
BR,41,2382469177246,-8,65821170806885,32,
BR,41,148796081543,-8,59834861755371,33,
BR,41,2330131530762,-8,65659332275391,34,
BR,41,1466979980469,-8,59297752380371,35,
BR,41,2160682678223,-8,654541015625,36,
BR,41,1505355834961,-8,58624458312988,37,
BR,41,2002944946289,-8,65555858612061,38,
BR,41,160717010498,-8,58241558074951,39,
BR,41,1941604614258,-8,65577125549316,40,
BR,41,188102722168,-8,654465675354,41,
BR,41,1824226379395,-8,65214920043945,42,
BR,41,1772537231445,-8,64649772644043,43,
BR,41,1729621887207,-8,64176559448242,44,
BR,41,1655502319336,-8,6363468170166,45,
BR,41,1605758666992,-8,62828159332275,46,
BR,41,1585845947266,-8,62224578857422,47,
BR,41,1571083068848,-8,61672306060791,48,
BR,41,1522789001465,-8,60929870605469,49,
BR,41,1497840881348,-8,60590076446533,50,
BR,41,148796081543,-8,59834861755371,51,
BR,41,1466979980469,-8,59297752380371,52,
BR,41,1505355834961,-8,58624458312988,53,
BR,41,160717010498,-8,58241558074951,54,
CG,41,1505355834961,-8,58624458312988,0,
CG,41,1466979980469,-8,59297752380371,1,
CG,41,148796081543,-8,59834861755371,2,
CG,41,1497840881348,-8,60590076446533,3,
CG,41,1522789001465,-8,60929870605469,4,
CG,41,1571083068848,-8,61672306060791,5,
CG,41,1585845947266,-8,62224578857422,6,
CG,41,1605758666992,-8,62828159332275,7,
CG,41,1655502319336,-8,6363468170166,8,
CG,41,1729621887207,-8,64176559448242,9,
CG,41,1772537231445,-8,64649772644043,10,
CG,41,1824226379395,-8,65214920043945,11,
CG,41,188102722168,-8,654465675354,12,
CG,41,1941604614258,-8,65577125549316,13,
CG,41,2006988525391,-8,64970302581787,14,
CG,41,2082328796387,-8,64712238311768,15,
CG,41,2169075012207,-8,64097785949707,16,
CG,41,222339630127,-8,63899612426758,17,
CG,41,2290191650391,-8,62689685821533,18,
CG,41,2346343994141,-8,62393665313721,19,
CG,41,243968963623,-8,62855529785156,20,
CG,41,2535781860352,-8,62830829620361,21,
CG,41,2627487182617,-8,61698627471924,22,
CG,41,2689056396484,-8,61538696289063,23,
CR,41,2689056396484,-8,61538696289063,0,
CR,41,2627487182617,-8,61698627471924,1,
CR,41,2535781860352,-8,62830829620361,2,
CR,41,243968963623,-8,62855529785156,3,
CR,41,2346343994141,-8,62393665313721,4,
CR,41,2290191650391,-8,62689685821533,5,
CR,41,222339630127,-8,63899612426758,6,
CR,41,2169075012207,-8,64097785949707,7,
CR,41,2082328796387,-8,64712238311768,8,
CR,41,2006988525391,-8,64970302581787,9,
CR,41,1941604614258,-8,65577125549316,10,
CR,41,188102722168,-8,654465675354,11,
CR,41,1824226379395,-8,65214920043945,12,
CR,41,1772537231445,-8,64649772644043,13,
CR,41,1729621887207,-8,64176559448242,14,
CR,41,1655502319336,-8,6363468170166,15,
CR,41,1605758666992,-8,62828159332275,16,
CR,41,1585845947266,-8,62224578857422,17,
CR,41,1571083068848,-8,61672306060791,18,
CR,41,1522789001465,-8,60929870605469,19,
CR,41,1497840881348,-8,60590076446533,20,
CR,41,148796081543,-8,59834861755371,21,
CR,41,1466979980469,-8,59297752380371,22,
CR,41,1505355834961,-8,58624458312988,23,
EG,41,160717010498,-8,58241558074951,0,
EG,41,1505355834961,-8,58624458312988,1,
EG,41,1466979980469,-8,59297752380371,2,
EG,41,148796081543,-8,59834861755371,3,
EG,41,1497840881348,-8,60590076446533,4,
EG,41,1522789001465,-8,60929870605469,5,
EG,41,1571083068848,-8,61672306060791,6,
EG,41,1585845947266,-8,62224578857422,7,
EG,41,1605758666992,-8,62828159332275,8,
EG,41,1655502319336,-8,6363468170166,9,
EG,41,1729621887207,-8,64176559448242,10,
EG,41,1772537231445,-8,64649772644043,11,
EG,41,1824226379395,-8,65214920043945,12,
EG,41,188102722168,-8,654465675354,13,
EG,41,1941604614258,-8,65577125549316,14,
EG,41,2002944946289,-8,65555858612061,15,
EG,41,2160682678223,-8,654541015625,16,
EG,41,2330131530762,-8,65659332275391,17,
EG,41,2382469177246,-8,65821170806885,18,
EG,41,2375221252441,-8,665207862854,19,
EG,41,2370758056641,-8,66944217681885,20,
ER,41,2370758056641,-8,66944217681885,0,
ER,41,2375221252441,-8,665207862854,1,
ER,41,2382469177246,-8,65821170806885,2,
ER,41,2330131530762,-8,65659332275391,3,
ER,41,2160682678223,-8,654541015625,4,
ER,41,2002944946289,-8,65555858612061,5,
ER,41,1941604614258,-8,65577125549316,6,
ER,41,188102722168,-8,654465675354,7,
ER,41,1824226379395,-8,65214920043945,8,
ER,41,1772537231445,-8,64649772644043,9,
ER,41,1729621887207,-8,64176559448242,10,
ER,41,1655502319336,-8,6363468170166,11,
ER,41,1605758666992,-8,62828159332275,12,
ER,41,1585845947266,-8,62224578857422,13,
ER,41,1571083068848,-8,61672306060791,14,
ER,41,1522789001465,-8,60929870605469,15,
ER,41,1497840881348,-8,60590076446533,16,
ER,41,148796081543,-8,59834861755371,17,
ER,41,1466979980469,-8,59297752380371,18,
ER,41,1505355834961,-8,58624458312988,19,
ER,41,160717010498,-8,58241558074951,20,
AG,41,1712989807129,-8,54293823242188,0,
AG,41,1751556396484,-8,54196166992188,1,
AG,41,1798248291016,-8,54360389709473,2,
AG,41,1855697631836,-8,54589176177979,3,
AG,41,1834526062012,-8,553955078125,4,
AG,41,1794204711914,-8,56026363372803,5,
AG,41,1757583618164,-8,56212043762207,6,
AG,41,1741218566895,-8,57353401184082,7,
AG,41,170768737793,-8,577317237854,8,
AG,41,1657104492188,-8,57863903045654,9,
AG,41,160717010498,-8,58241558074951,10,
AG,41,1505355834961,-8,58624458312988,11,
AG,41,1466979980469,-8,59297752380371,12,
AG,41,148796081543,-8,59834861755371,13,
AG,41,1497840881348,-8,60590076446533,14,
AG,41,1522789001465,-8,60929870605469,15,
AG,41,1571083068848,-8,61672306060791,16,
AG,41,1585845947266,-8,62224578857422,17,
AG,41,1605758666992,-8,62828159332275,18,
AG,41,1655502319336,-8,6363468170166,19,
AG,41,1729621887207,-8,64176559448242,20,
AG,41,1772537231445,-8,64649772644043,21,
AG,41,1824226379395,-8,65214920043945,22,
AG,41,188102722168,-8,654465675354,23,
AG,41,1902351379395,-8,66103744506836,24,
AG,41,1857681274414,-8,66118907928467,25,
AG,41,1803817749023,-8,66623210906982,26,
AG,41,1791076660156,-8,67354583740234,27,
AG,41,1806983947754,-8,68122673034668,28,
AG,41,1801719665527,-8,68855285644531,29,
AG,41,1839065551758,-8,69146919250488,30,
AG,41,1874847412109,-8,69339084625244,31,
AG,41,1882057189941,-8,68512344360352,32,
AR,41,1882057189941,-8,68512344360352,0,
AR,41,1874847412109,-8,69339084625244,1,
AR,41,1839065551758,-8,69146919250488,2,
AR,41,1801719665527,-8,68855285644531,3,
AR,41,1806983947754,-8,68122673034668,4,
AR,41,1791076660156,-8,67354583740234,5,
AR,41,1803817749023,-8,66623210906982,6,
AR,41,1857681274414,-8,66118907928467,7,
AR,41,1902351379395,-8,66103744506836,8,
AR,41,188102722168,-8,654465675354,9,
AR,41,1824226379395,-8,65214920043945,10,
AR,41,1772537231445,-8,64649772644043,11,
AR,41,1729621887207,-8,64176559448242,12,
AR,41,1655502319336,-8,6363468170166,13,
AR,41,1605758666992,-8,62828159332275,14,
AR,41,1585845947266,-8,62224578857422,15,
AR,41,1571083068848,-8,61672306060791,16,
AR,41,1522789001465,-8,60929870605469,17,
AR,41,1497840881348,-8,60590076446533,18,
AR,41,148796081543,-8,59834861755371,19,
AR,41,1466979980469,-8,59297752380371,20,
AR,41,1505355834961,-8,58624458312988,21,
AR,41,160717010498,-8,58241558074951,22,
AR,41,1657104492188,-8,57863903045654,23,
AR,41,170768737793,-8,577317237854,24,
AR,41,1741218566895,-8,57353401184082,25,
AR,41,1757583618164,-8,56212043762207,26,
AR,41,1794204711914,-8,56026363372803,27,
AR,41,1834526062012,-8,553955078125,28,
AR,41,1855697631836,-8,54589176177979,29,
AR,41,1798248291016,-8,54360389709473,30,
AR,41,1751556396484,-8,54196166992188,31,
AR,41,1712989807129,-8,54293823242188,32,
DR,41,1832618713379,-8,60223960876465,0,
DR,41,1812515258789,-8,60452079772949,1,
DR,41,1742477416992,-8,60360717773438,2,
DR,41,1696853637695,-8,59874439239502,3,
DR,41,1653022766113,-8,598464012146,4,
DR,41,1611213684082,-8,60427188873291,5,
DR,41,1572189331055,-8,60914134979248,6,
DR,41,1522789001465,-8,60929870605469,7,
DR,41,1485824584961,-8,6109447479248,8,
DR,41,1449394226074,-8,61081504821777,9,
DR,41,137638092041,-8,60864639282227,10,
DR,41,1338691711426,-8,60748863220215,11,
DR,41,1296653747559,-8,60611629486084,12,
DR,41,1260566711426,-8,60562705993652,13,
DR,41,1196594238281,-8,60622978210449,14,
DR,41,1155471801758,-8,60655498504639,15,
